631740852 0
376581042 0
016324758 0
761342085 0
653704812 0
470136528 0
276148530 0
527314068 0
167320548 0
582073614 0
207316548 0
752460183 0
156438720 0
238105746 0
260473518 0
428513076 0
146082537 0
034857612 0
734801256 0
026485173 0
108574263 0
513268407 0
563471028 0
548631702 0
253104876 0
054316278 0
832651704 0
054813276 0
418367052 0
346572108 0
603485172 1
584736201 1
173825046 1
185304672 1
547061283 1
204618537 1
274361850 1
587021364 1
285341670 1
837051462 1
365072814 1
632140758 1
261340758 1
736841025 1
374801652 1
175683240 1
016453287 1
128370456 1
342061785 1
427381605 1
635471028 1
586217034 1
863752104 1
063158724 1
483021765 1
504816372 1
746108352 1
128630574 1
531827406 1
752013648 1
752016348 2
263158074 2
287160534 2
156807423 2
348205716 2
746053218 2
821036574 2
675203184 2
853416270 2
074518632 2
128543076 2
745681302 2
370615284 2
735168204 2
356472801 2
781642530 2
562130478 2
140827563 2
536807412 2
234605817 2
056824137 2
572460183 2
283410756 2
873164025 2
140328567 2
278436015 2
723485601 2
671058432 2
107285436 2
857023416 2
836704521 3
305127648 3
631750284 3
413025786 3
741356802 3
615784203 3
064372158 3
031287654 3
316805724 3
405136827 3
874562301 3
754082361 3
406315287 3
516824037 3
217048635 3
874365210 3
816205473 3
087312546 3
760283541 3
538106274 3
652743018 3
718406235 3
683154720 3
347056128 3
364015872 3
781253046 3
530247816 3
035427816 3
068374215 3
270348165 3
261057834 4
453067218 4
456173802 4
150476283 4
708465231 4
087256143 4
764530128 4
271046358 4
841367502 4
647850321 4
043572681 4
381475260 4
518306472 4
286503174 4
136578024 4
128035746 4
280145376 4
684730215 4
160872345 4
358726140 4
740128653 4
468357012 4
812350746 4
840265173 4
402653718 4
652371048 4
156340728 4
408631725 4
376124580 4
571638204 4
687012354 5
586127430 5
873065142 5
316745028 5
814763025 5
072148653 5
586730412 5
213685074 5
654017328 5
478063251 5
276530841 5
275463810 5
824715630 5
120745836 5
370465128 5
085476123 5
287061345 5
804263175 5
417380526 5
613507482 5
762015438 5
812670435 5
415306278 5
320765481 5
714305826 5
280164753 5
758064132 5
382650471 5
256403781 5
428371605 5
627314085 6
124857063 6
501427386 6
218736054 6
708152346 6
572036418 6
126850347 6
562874103 6
021653874 6
052874613 6
136245078 6
421307685 6
712460583 6
715032468 6
876342051 6
750231846 6
658132407 6
761845230 6
524738610 6
156730842 6
517032864 6
635708241 6
607245138 6
837612540 6
025634781 6
650372841 6
304876512 6
605718432 6
180567324 6
517432086 6
615728430 7
630528417 7
487610235 7
384125760 7
475862103 7
615274803 7
642301758 7
862751403 7
687351402 7
215870463 7
361425870 7
703621485 7
284576310 7
730824156 7
415703862 7
364085172 7
056234817 7
105687234 7
657320481 7
268403157 7
213047568 7
657823401 7
638170425 7
781462503 7
203564187 7
826173045 7
807345162 7
284051637 7
025386147 7
481632705 7
567384021 8
634105827 8
128574306 8
175684023 8
265148037 8
307128645 8
784015263 8
721308465 8
385240761 8
584023617 8
687032415 8
137258640 8
687035214 8
620715384 8
345210687 8
203418675 8
684735021 8
536802174 8
012568734 8
501874263 8
481265073 8
076183452 8
635748012 8
725410863 8
738152406 8
370526841 8
580743162 8
187365240 8
245603178 8
371628054 8